a=0.6215; % meter
b=0.5085; % meter
L=a+b;
Cf=33000;
Cr=34000;
m=230; %kg
Iz=24.47;
tf=1.070;
tr=1.060;


