a=0.65;  % m
b=0.6;   % m
m=230;   % kg
L=1.525; % meter
Iz=194.35; %
Cf=89.892;%kg/deg
Cr=89.892;%kg/deg
