Cf=89.892;%kg/deg
Cr=89.892;%kg/deg
m=230;%kg
a=0.7;%m
b=0.62;%m